 pop rep mig tem esp abund1 abund2 
         400           1  0.40000000000000002               10           1         200         200
         400           1  0.40000000000000002               20           1         200         200
         400           1   0.0000000000000000               30           1         200         200
         400           1   0.0000000000000000               40           1         200         200
         400           1   0.0000000000000000               50           1         200         200
         400           1   0.0000000000000000               60           1         200         200
         400           1   0.0000000000000000               70           1         200         200
         400           1   0.0000000000000000               80           1         200         200
         400           1   0.0000000000000000               90           1         200         200
         400           1  0.40000000000000002              100           1         200         200
         400           1  0.40000000000000002              110           1         200         200
         400           1  0.40000000000000002              120           1         200         200
         400           1  0.40000000000000002              130           1         200         200
         400           1  0.40000000000000002              140           1         200         200
         400           1   0.0000000000000000              150           1         200         200
         400           1   0.0000000000000000              160           1         200         200
         400           1   0.0000000000000000              170           1         200         200
         400           1  0.40000000000000002              180           1         200         200
         400           1  0.40000000000000002              190           1         200         200
         400           1  0.40000000000000002              200           1         200         200
         400           1  0.40000000000000002              210           1         200         200
         400           1  0.40000000000000002              220           1         200         200
         400           1   0.0000000000000000              230           1         200         200
         400           1   0.0000000000000000              240           1         200         200
         400           1   0.0000000000000000              250           1         200         200
         400           1   0.0000000000000000              260           1         200         200
         400           1   0.0000000000000000              270           1         200         200
         400           1   0.0000000000000000              280           1         200         200
         400           1   0.0000000000000000              290           1         200         198
         400           1   0.0000000000000000              290           2           0           2
         400           1   0.0000000000000000              300           1         200         199
         400           1   0.0000000000000000              300           3           0           1
         400           1  0.40000000000000002              310           1         200         200
         400           1  0.40000000000000002              320           1         200         200
         400           1  0.40000000000000002              330           1         200         200
         400           1  0.40000000000000002              340           1         200         200
         400           1  0.40000000000000002              350           1         200         200
         400           1  0.40000000000000002              360           1         132         144
         400           1  0.40000000000000002              360           4          68          56
         400           1  0.40000000000000002              370           1         169         150
         400           1  0.40000000000000002              370           4          31          50
         400           1  0.40000000000000002              380           1         140         155
         400           1  0.40000000000000002              380           4          60          45
         400           1  0.40000000000000002              390           1         159         170
         400           1  0.40000000000000002              390           4          41          30
         400           1  0.40000000000000002              400           1         150         161
         400           1  0.40000000000000002              400           4          49          38
         400           1  0.40000000000000002              400           5           1           1
         400           1  0.40000000000000002              410           1         153         155
         400           1  0.40000000000000002              410           4          47          45
         400           1  0.40000000000000002              420           1         157         167
         400           1  0.40000000000000002              420           4          24          15
         400           1  0.40000000000000002              420           6           7           9
         400           1  0.40000000000000002              420           7          11           3
         400           1  0.40000000000000002              420           8           1           6
         400           1  0.40000000000000002              430           1         145         152
         400           1  0.40000000000000002              430           4          18          19
         400           1  0.40000000000000002              430           6          33          23
         400           1  0.40000000000000002              430           7           4           6
         400           1  0.40000000000000002              440           1         176         160
         400           1  0.40000000000000002              440           4           5          16
         400           1  0.40000000000000002              440           6           8          15
         400           1  0.40000000000000002              440           7          11           9
         400           1  0.40000000000000002              450           1         180         183
         400           1  0.40000000000000002              450           4           6           8
         400           1  0.40000000000000002              450           6           3           2
         400           1  0.40000000000000002              450           7          11           7
         400           1   0.0000000000000000              460           1         183         196
         400           1   0.0000000000000000              460           4           0           4
         400           1   0.0000000000000000              460           7          17           0
         400           1   0.0000000000000000              470           1         188         185
         400           1   0.0000000000000000              470           4           0          15
         400           1   0.0000000000000000              470           7          12           0
         400           1   0.0000000000000000              480           1         185         191
         400           1   0.0000000000000000              480           4           0           9
         400           1   0.0000000000000000              480           7          15           0
         400           1   0.0000000000000000              490           1         184         170
         400           1   0.0000000000000000              490           4           0          30
         400           1   0.0000000000000000              490           7          16           0
         400           1   0.0000000000000000              500           1         155         181
         400           1   0.0000000000000000              500           4           0          19
         400           1   0.0000000000000000              500           7          45           0
         400           1   0.0000000000000000              510           1         157         190
         400           1   0.0000000000000000              510           4           0          10
         400           1   0.0000000000000000              510           7          43           0
         400           1   0.0000000000000000              520           1         159         200
         400           1   0.0000000000000000              520           7          40           0
         400           1   0.0000000000000000              520           9           1           0
         400           1   0.0000000000000000              530           1         168         200
         400           1   0.0000000000000000              530           7          32           0
         400           1  0.40000000000000002              540           1         105         104
         400           1  0.40000000000000002              540           7          10          17
         400           1  0.40000000000000002              540          10          85          78
         400           1  0.40000000000000002              540          11           0           1
         400           1   0.0000000000000000              550           1         200         200
         400           1   0.0000000000000000              560           1          68         146
         400           1   0.0000000000000000              560          12         132           0
         400           1   0.0000000000000000              560          13           0          53
         400           1   0.0000000000000000              560          14           0           1
         400           1   0.0000000000000000              570           1          27         127
         400           1   0.0000000000000000              570          12         169           0
         400           1   0.0000000000000000              570          13           0          66
         400           1   0.0000000000000000              570          15           4           0
         400           1   0.0000000000000000              570          16           0           7
         400           1   0.0000000000000000              580           1           0         140
         400           1   0.0000000000000000              580          12         171           0
         400           1   0.0000000000000000              580          13           0          23
         400           1   0.0000000000000000              580          15           6           0
         400           1   0.0000000000000000              580          16           0           4
         400           1   0.0000000000000000              580          17          23           0
         400           1   0.0000000000000000              580          18           0          19
         400           1   0.0000000000000000              580          19           0          14
         400           1   0.0000000000000000              590           1           0         179
         400           1   0.0000000000000000              590          12         153           0
         400           1   0.0000000000000000              590          13           0          10
         400           1   0.0000000000000000              590          17          42           0
         400           1   0.0000000000000000              590          18           0           2
         400           1   0.0000000000000000              590          19           0           9
         400           1   0.0000000000000000              590          20           5           0
         400           1   0.0000000000000000              600           1           0         172
         400           1   0.0000000000000000              600          12         177           0
         400           1   0.0000000000000000              600          13           0           7
         400           1   0.0000000000000000              600          17          23           0
         400           1   0.0000000000000000              600          19           0          21
         400           1  0.40000000000000002              610           1          95          94
         400           1  0.40000000000000002              610          12          69          68
         400           1  0.40000000000000002              610          13           2           8
         400           1  0.40000000000000002              610          17          31          26
         400           1  0.40000000000000002              610          19           3           4
         400           1  0.40000000000000002              620           1          65          74
         400           1  0.40000000000000002              620          12          67          66
         400           1  0.40000000000000002              620          17          68          60
         400           1  0.40000000000000002              630           1          48          61
         400           1  0.40000000000000002              630          12          96          94
         400           1  0.40000000000000002              630          17          56          45
         400           1  0.40000000000000002              640           1          83          82
         400           1  0.40000000000000002              640          12          64          71
         400           1  0.40000000000000002              640          17          53          47
         400           1  0.40000000000000002              650           1          83         103
         400           1  0.40000000000000002              650          12          38          44
         400           1  0.40000000000000002              650          17          78          53
         400           1  0.40000000000000002              650          21           1           0
         400           1  0.40000000000000002              660           1          77          79
         400           1  0.40000000000000002              660          12          47          45
         400           1  0.40000000000000002              660          17          76          76
         400           1  0.40000000000000002              670           1          89          80
         400           1  0.40000000000000002              670          12          66          66
         400           1  0.40000000000000002              670          17          45          54
         400           1   0.0000000000000000              680           1          86         122
         400           1   0.0000000000000000              680          12          65          50
         400           1   0.0000000000000000              680          17          49          28
         400           1   0.0000000000000000              690           1         100          87
         400           1   0.0000000000000000              690          12          40          52
         400           1   0.0000000000000000              690          17          60          61
         400           1   0.0000000000000000              700           1         125          74
         400           1   0.0000000000000000              700          12          44           0
         400           1   0.0000000000000000              700          17           8          91
         400           1   0.0000000000000000              700          22           0          34
         400           1   0.0000000000000000              700          23          14           0
         400           1   0.0000000000000000              700          24           0           1
         400           1   0.0000000000000000              700          25           9           0
         400           1  0.40000000000000002              710           1         132         110
         400           1  0.40000000000000002              710          12          18          24
         400           1  0.40000000000000002              710          17          27          36
         400           1  0.40000000000000002              710          22           9          21
         400           1  0.40000000000000002              710          25          12           9
         400           1  0.40000000000000002              710          26           2           0
         400           1  0.40000000000000002              720           1          71          75
         400           1  0.40000000000000002              720          12          28          24
         400           1  0.40000000000000002              720          17          17          22
         400           1  0.40000000000000002              720          22          21          15
         400           1  0.40000000000000002              720          25          17          14
         400           1  0.40000000000000002              720          27          46          50
         400           1   0.0000000000000000              730           1          63          97
         400           1   0.0000000000000000              730          12          62          35
         400           1   0.0000000000000000              730          17           2           4
         400           1   0.0000000000000000              730          22           6          17
         400           1   0.0000000000000000              730          25           6          15
         400           1   0.0000000000000000              730          27          61          32
         400           1   0.0000000000000000              740           1          82          91
         400           1   0.0000000000000000              740          12          37           0
         400           1   0.0000000000000000              740          22          28           0
         400           1   0.0000000000000000              740          25           0           9
         400           1   0.0000000000000000              740          27          53           0
         400           1   0.0000000000000000              740          28           0          34
         400           1   0.0000000000000000              740          29           0          24
         400           1   0.0000000000000000              740          30           0          42
         400           1   0.0000000000000000              750           1           0          62
         400           1   0.0000000000000000              750          12          96           0
         400           1   0.0000000000000000              750          22          13           0
         400           1   0.0000000000000000              750          27          33           0
         400           1   0.0000000000000000              750          28           0          27
         400           1   0.0000000000000000              750          29           0          24
         400           1   0.0000000000000000              750          30           0          30
         400           1   0.0000000000000000              750          31          58           0
         400           1   0.0000000000000000              750          32           0          57
         400           1   0.0000000000000000              760           1           0          27
         400           1   0.0000000000000000              760          12         121           0
         400           1   0.0000000000000000              760          22           7           0
         400           1   0.0000000000000000              760          27          42           0
         400           1   0.0000000000000000              760          28           0          18
         400           1   0.0000000000000000              760          29           0          40
         400           1   0.0000000000000000              760          30           0          63
         400           1   0.0000000000000000              760          31          30           0
         400           1   0.0000000000000000              760          32           0          45
         400           1   0.0000000000000000              760          33           0           7
         400           1   0.0000000000000000              770           1           0          17
         400           1   0.0000000000000000              770          12         104           0
         400           1   0.0000000000000000              770          27          57           0
         400           1   0.0000000000000000              770          28           0          27
         400           1   0.0000000000000000              770          29           0          47
         400           1   0.0000000000000000              770          30           0          52
         400           1   0.0000000000000000              770          31          39           0
         400           1   0.0000000000000000              770          32           0          31
         400           1   0.0000000000000000              770          33           0          26
         400           1   0.0000000000000000              780           1           0           9
         400           1   0.0000000000000000              780          12         118           0
         400           1   0.0000000000000000              780          27          43           0
         400           1   0.0000000000000000              780          28           0          33
         400           1   0.0000000000000000              780          29           0          23
         400           1   0.0000000000000000              780          30           0          82
         400           1   0.0000000000000000              780          31          39           0
         400           1   0.0000000000000000              780          32           0          10
         400           1   0.0000000000000000              780          33           0          43
         400           1   0.0000000000000000              790           1           0           4
         400           1   0.0000000000000000              790          12         127           0
         400           1   0.0000000000000000              790          27          27           0
         400           1   0.0000000000000000              790          28           0          60
         400           1   0.0000000000000000              790          29           0          19
         400           1   0.0000000000000000              790          30           0          81
         400           1   0.0000000000000000              790          31          38           0
         400           1   0.0000000000000000              790          32           0           5
         400           1   0.0000000000000000              790          33           0          31
         400           1   0.0000000000000000              790          34           8           0
         400           1   0.0000000000000000              800          12         109           0
         400           1   0.0000000000000000              800          27          35           0
         400           1   0.0000000000000000              800          28           0          69
         400           1   0.0000000000000000              800          29           0          19
         400           1   0.0000000000000000              800          30           0          81
         400           1   0.0000000000000000              800          31          43           0
         400           1   0.0000000000000000              800          33           0          31
         400           1   0.0000000000000000              800          34          13           0
         400           1   0.0000000000000000              810          12          91           0
         400           1   0.0000000000000000              810          27          23           0
         400           1   0.0000000000000000              810          28           0          50
         400           1   0.0000000000000000              810          29           0          31
         400           1   0.0000000000000000              810          30           0          70
         400           1   0.0000000000000000              810          31          43           0
         400           1   0.0000000000000000              810          33           0          41
         400           1   0.0000000000000000              810          34          10           0
         400           1   0.0000000000000000              810          35          33           0
         400           1   0.0000000000000000              810          36           0           8
         400           1   0.0000000000000000              820          12         115           0
         400           1   0.0000000000000000              820          27          28           0
         400           1   0.0000000000000000              820          28           0          33
         400           1   0.0000000000000000              820          29           0          27
         400           1   0.0000000000000000              820          30           0          78
         400           1   0.0000000000000000              820          31          32           0
         400           1   0.0000000000000000              820          33           0          37
         400           1   0.0000000000000000              820          34           2           0
         400           1   0.0000000000000000              820          35          23           0
         400           1   0.0000000000000000              820          36           0          25
         400           1  0.40000000000000002              830          12          25          13
         400           1  0.40000000000000002              830          27          33          37
         400           1  0.40000000000000002              830          28          14          15
         400           1  0.40000000000000002              830          29          23          21
         400           1  0.40000000000000002              830          30          35          31
         400           1  0.40000000000000002              830          31          30          30
         400           1  0.40000000000000002              830          33          15          23
         400           1  0.40000000000000002              830          35          18          22
         400           1  0.40000000000000002              830          36           7           8
         400           1  0.40000000000000002              840          12          19          18
         400           1  0.40000000000000002              840          27          27          31
         400           1  0.40000000000000002              840          28           6           0
         400           1  0.40000000000000002              840          29          23          24
         400           1  0.40000000000000002              840          30          58          79
         400           1  0.40000000000000002              840          31          32          17
         400           1  0.40000000000000002              840          33           8           9
         400           1  0.40000000000000002              840          35           7          11
         400           1  0.40000000000000002              840          36          17           6
         400           1  0.40000000000000002              840          37           3           5
         400           1  0.40000000000000002              850          12          14           9
         400           1  0.40000000000000002              850          27          27          30
         400           1  0.40000000000000002              850          29          30          28
         400           1  0.40000000000000002              850          30          54          71
         400           1  0.40000000000000002              850          31          22          27
         400           1  0.40000000000000002              850          35          17          10
         400           1  0.40000000000000002              850          36           9           1
         400           1  0.40000000000000002              850          38          26          24
         400           1  0.40000000000000002              850          39           1           0
         400           1  0.40000000000000002              860          12          28          14
         400           1  0.40000000000000002              860          27          49          57
         400           1  0.40000000000000002              860          29          31          24
         400           1  0.40000000000000002              860          30          45          20
         400           1  0.40000000000000002              860          31          16          33
         400           1  0.40000000000000002              860          35           2           3
         400           1  0.40000000000000002              860          36          18          20
         400           1  0.40000000000000002              860          38          11          26
         400           1  0.40000000000000002              860          40           0           3
         400           1  0.40000000000000002              870          12           8          16
         400           1  0.40000000000000002              870          27          42          35
         400           1  0.40000000000000002              870          29          44          31
         400           1  0.40000000000000002              870          30          32          31
         400           1  0.40000000000000002              870          31          27          41
         400           1  0.40000000000000002              870          36          36          30
         400           1  0.40000000000000002              870          38           9          15
         400           1  0.40000000000000002              870          41           2           1
         400           1  0.40000000000000002              880          12          24          16
         400           1  0.40000000000000002              880          27          27          44
         400           1  0.40000000000000002              880          29          11          12
         400           1  0.40000000000000002              880          30          40          39
         400           1  0.40000000000000002              880          31          22          33
         400           1  0.40000000000000002              880          36          67          56
         400           1  0.40000000000000002              880          38           9           0
         400           1  0.40000000000000002              890          12          35          37
         400           1  0.40000000000000002              890          27          20          28
         400           1  0.40000000000000002              890          29           5           4
         400           1  0.40000000000000002              890          30          54          44
         400           1  0.40000000000000002              890          31          39          32
         400           1  0.40000000000000002              890          36          41          48
         400           1  0.40000000000000002              890          42           6           7
         400           1  0.40000000000000002              900          12          46          45
         400           1  0.40000000000000002              900          27          20          15
         400           1  0.40000000000000002              900          29           8           3
         400           1  0.40000000000000002              900          30          64          67
         400           1  0.40000000000000002              900          31          42          29
         400           1  0.40000000000000002              900          36          13          31
         400           1  0.40000000000000002              900          43           7          10
         400           1  0.40000000000000002              910          12          52          33
         400           1  0.40000000000000002              910          27          29          28
         400           1  0.40000000000000002              910          30          68          74
         400           1  0.40000000000000002              910          31          36          37
         400           1  0.40000000000000002              910          36           6          15
         400           1  0.40000000000000002              910          43           9          13
         400           1  0.40000000000000002              920          12          47          41
         400           1  0.40000000000000002              920          27          23          29
         400           1  0.40000000000000002              920          30          70          81
         400           1  0.40000000000000002              920          31          52          39
         400           1  0.40000000000000002              920          43           8          10
         400           1  0.40000000000000002              930          12          70          44
         400           1  0.40000000000000002              930          27          35          32
         400           1  0.40000000000000002              930          30          45          58
         400           1  0.40000000000000002              930          31          43          64
         400           1  0.40000000000000002              930          43           7           2
         400           1  0.40000000000000002              940          12          44          51
         400           1  0.40000000000000002              940          27          41          31
         400           1  0.40000000000000002              940          30          46          50
         400           1  0.40000000000000002              940          31          69          68
         400           1  0.40000000000000002              950          12          56          36
         400           1  0.40000000000000002              950          27          26          34
         400           1  0.40000000000000002              950          30          42          44
         400           1  0.40000000000000002              950          31          76          86
         400           1   0.0000000000000000              960          12          38          37
         400           1   0.0000000000000000              960          27          23          41
         400           1   0.0000000000000000              960          30          18          24
         400           1   0.0000000000000000              960          31         121          98
         400           1   0.0000000000000000              970          12          66           0
         400           1   0.0000000000000000              970          27          45           0
         400           1   0.0000000000000000              970          30           0          25
         400           1   0.0000000000000000              970          31          71         101
         400           1   0.0000000000000000              970          44           0          65
         400           1   0.0000000000000000              970          45           0           9
         400           1   0.0000000000000000              970          46          18           0
         400           1   0.0000000000000000              980          12          54           0
         400           1   0.0000000000000000              980          27          65           0
         400           1   0.0000000000000000              980          30           0           7
         400           1   0.0000000000000000              980          31           0          97
         400           1   0.0000000000000000              980          44           0          71
         400           1   0.0000000000000000              980          45           0          25
         400           1   0.0000000000000000              980          46          38           0
         400           1   0.0000000000000000              980          47          43           0
         400           1   0.0000000000000000              990          12          59           0
         400           1   0.0000000000000000              990          27         101           0
         400           1   0.0000000000000000              990          30           0          13
         400           1   0.0000000000000000              990          31           0         104
         400           1   0.0000000000000000              990          44           0          61
         400           1   0.0000000000000000              990          45           0          22
         400           1   0.0000000000000000              990          46          21           0
         400           1   0.0000000000000000              990          47          19           0
         400           1   0.0000000000000000             1000          12          28           0
         400           1   0.0000000000000000             1000          27          99           0
         400           1   0.0000000000000000             1000          30           0           9
         400           1   0.0000000000000000             1000          31           0          99
         400           1   0.0000000000000000             1000          44           0          33
         400           1   0.0000000000000000             1000          45           0          49
         400           1   0.0000000000000000             1000          46          54           0
         400           1   0.0000000000000000             1000          47          19           0
         400           1   0.0000000000000000             1000          48           0          10
         400           1   0.0000000000000000             1010          12          33           0
         400           1   0.0000000000000000             1010          27          52           0
         400           1   0.0000000000000000             1010          31           0         118
         400           1   0.0000000000000000             1010          44           0          27
         400           1   0.0000000000000000             1010          45           0          51
         400           1   0.0000000000000000             1010          46          85           0
         400           1   0.0000000000000000             1010          47           7           0
         400           1   0.0000000000000000             1010          48           0           4
         400           1   0.0000000000000000             1010          49          22           0
         400           1   0.0000000000000000             1010          50           1           0
         400           1   0.0000000000000000             1020          12          24           0
         400           1   0.0000000000000000             1020          27          71           0
         400           1   0.0000000000000000             1020          31           0         136
         400           1   0.0000000000000000             1020          44           0          19
         400           1   0.0000000000000000             1020          45           0          45
         400           1   0.0000000000000000             1020          46          79           0
         400           1   0.0000000000000000             1020          47           7           0
         400           1   0.0000000000000000             1020          49          19           0
         400           1   0.0000000000000000             1030          12          40           0
         400           1   0.0000000000000000             1030          27          48           0
         400           1   0.0000000000000000             1030          31           0         134
         400           1   0.0000000000000000             1030          44           0          17
         400           1   0.0000000000000000             1030          45           0          49
         400           1   0.0000000000000000             1030          46          89           0
         400           1   0.0000000000000000             1030          49          14           0
         400           1   0.0000000000000000             1030          51           9           0
         400           1   0.0000000000000000             1040          12          47           0
         400           1   0.0000000000000000             1040          27          38           0
         400           1   0.0000000000000000             1040          31           0         114
         400           1   0.0000000000000000             1040          44           0          22
         400           1   0.0000000000000000             1040          45           0          38
         400           1   0.0000000000000000             1040          46          78           0
         400           1   0.0000000000000000             1040          49          25           0
         400           1   0.0000000000000000             1040          51          12           0
         400           1   0.0000000000000000             1040          52           0          26
         400           1   0.0000000000000000             1050          12          43           0
         400           1   0.0000000000000000             1050          27          18           0
         400           1   0.0000000000000000             1050          31           0          83
         400           1   0.0000000000000000             1050          44           0          20
         400           1   0.0000000000000000             1050          45           0          49
         400           1   0.0000000000000000             1050          46          85           0
         400           1   0.0000000000000000             1050          49          38           0
         400           1   0.0000000000000000             1050          51          16           0
         400           1   0.0000000000000000             1050          52           0          33
         400           1   0.0000000000000000             1050          53           0          11
         400           1   0.0000000000000000             1050          54           0           4
         400           1  0.40000000000000002             1060          12           3           4
         400           1  0.40000000000000002             1060          27          18          21
         400           1  0.40000000000000002             1060          31          25          13
         400           1  0.40000000000000002             1060          44          26          25
         400           1  0.40000000000000002             1060          45          23          16
         400           1  0.40000000000000002             1060          46          39          46
         400           1  0.40000000000000002             1060          49          26          33
         400           1  0.40000000000000002             1060          51           4           5
         400           1  0.40000000000000002             1060          52          17          14
         400           1  0.40000000000000002             1060          53          19          23
         400           1   0.0000000000000000             1070          27          46          34
         400           1   0.0000000000000000             1070          31          25          16
         400           1   0.0000000000000000             1070          44          12          24
         400           1   0.0000000000000000             1070          45           0          12
         400           1   0.0000000000000000             1070          46          24          52
         400           1   0.0000000000000000             1070          49          32          22
         400           1   0.0000000000000000             1070          52          38          15
         400           1   0.0000000000000000             1070          53          18          19
         400           1   0.0000000000000000             1070          55           5           0
         400           1   0.0000000000000000             1070          56           0           6
         400           1   0.0000000000000000             1080          27          57           0
         400           1   0.0000000000000000             1080          31          32           0
         400           1   0.0000000000000000             1080          44           0          15
         400           1   0.0000000000000000             1080          45           0          11
         400           1   0.0000000000000000             1080          46           0          80
         400           1   0.0000000000000000             1080          49          32           0
         400           1   0.0000000000000000             1080          52          54           0
         400           1   0.0000000000000000             1080          53           8           0
         400           1   0.0000000000000000             1080          56           0           2
         400           1   0.0000000000000000             1080          57           0          28
         400           1   0.0000000000000000             1080          58           0           9
         400           1   0.0000000000000000             1080          59          17           0
         400           1   0.0000000000000000             1080          60           0          15
         400           1   0.0000000000000000             1080          61           0          36
         400           1   0.0000000000000000             1080          62           0           4
         400           1  0.40000000000000002             1090          27          40          27
         400           1  0.40000000000000002             1090          31          19           8
         400           1  0.40000000000000002             1090          44          23          17
         400           1  0.40000000000000002             1090          45           4           4
         400           1  0.40000000000000002             1090          46          43          60
         400           1  0.40000000000000002             1090          49          20          11
         400           1  0.40000000000000002             1090          52          22          23
         400           1  0.40000000000000002             1090          57          15          12
         400           1  0.40000000000000002             1090          59           2           6
         400           1  0.40000000000000002             1090          61          12          32
         400           1  0.40000000000000002             1100          27          44          31
         400           1  0.40000000000000002             1100          31           9          21
         400           1  0.40000000000000002             1100          44          16          28
         400           1  0.40000000000000002             1100          46          33          32
         400           1  0.40000000000000002             1100          49          30          22
         400           1  0.40000000000000002             1100          52           4           2
         400           1  0.40000000000000002             1100          57          13          16
         400           1  0.40000000000000002             1100          61          19          22
         400           1  0.40000000000000002             1100          63          32          26
         400           1  0.40000000000000002             1110          27          51          41
         400           1  0.40000000000000002             1110          31          29          23
         400           1  0.40000000000000002             1110          44          15          12
         400           1  0.40000000000000002             1110          46           9           6
         400           1  0.40000000000000002             1110          49          47          40
         400           1  0.40000000000000002             1110          61          23          54
         400           1  0.40000000000000002             1110          63          26          24
         400           1  0.40000000000000002             1120          27          44          66
         400           1  0.40000000000000002             1120          31          39          47
         400           1  0.40000000000000002             1120          46           0          12
         400           1  0.40000000000000002             1120          49          40          26
         400           1  0.40000000000000002             1120          61          40          25
         400           1  0.40000000000000002             1120          63          37          24
         400           1  0.40000000000000002             1130          27         101          80
         400           1  0.40000000000000002             1130          31          45          57
         400           1  0.40000000000000002             1130          49          14          24
         400           1  0.40000000000000002             1130          61          19           8
         400           1  0.40000000000000002             1130          63          21          31
         400           1  0.40000000000000002             1140          27          99          94
         400           1  0.40000000000000002             1140          31          53          51
         400           1  0.40000000000000002             1140          49           6           3
         400           1  0.40000000000000002             1140          61           8          15
         400           1  0.40000000000000002             1140          63          21          22
         400           1  0.40000000000000002             1140          64          13          15
         400           1  0.40000000000000002             1150          27          86          83
         400           1  0.40000000000000002             1150          31          50          57
         400           1  0.40000000000000002             1150          61          30          16
         400           1  0.40000000000000002             1150          63          24          42
         400           1  0.40000000000000002             1150          64           9           2
         400           1  0.40000000000000002             1150          65           1           0
         400           1  0.40000000000000002             1160          27          93          88
         400           1  0.40000000000000002             1160          31          56          44
         400           1  0.40000000000000002             1160          61          19          27
         400           1  0.40000000000000002             1160          63          22          14
         400           1  0.40000000000000002             1160          64          10          27
         400           1   0.0000000000000000             1170          27          91          66
         400           1   0.0000000000000000             1170          31          64          57
         400           1   0.0000000000000000             1170          61           0          34
         400           1   0.0000000000000000             1170          63           0          27
         400           1   0.0000000000000000             1170          64          34          16
         400           1   0.0000000000000000             1170          66           2           0
         400           1   0.0000000000000000             1170          67           7           0
         400           1   0.0000000000000000             1170          68           2           0
         400           1   0.0000000000000000             1180          27         114          40
         400           1   0.0000000000000000             1180          31          62           0
         400           1   0.0000000000000000             1180          61           0          53
         400           1   0.0000000000000000             1180          63           0          38
         400           1   0.0000000000000000             1180          64          24          28
         400           1   0.0000000000000000             1180          69           0          41
         400           1   0.0000000000000000             1190          27         135           0
         400           1   0.0000000000000000             1190          31          53           0
         400           1   0.0000000000000000             1190          61           0          65
         400           1   0.0000000000000000             1190          63           0          61
         400           1   0.0000000000000000             1190          64           0          26
         400           1   0.0000000000000000             1190          69           0           4
         400           1   0.0000000000000000             1190          70           0          44
         400           1   0.0000000000000000             1190          71          12           0
         400           1   0.0000000000000000             1200          27         135           0
         400           1   0.0000000000000000             1200          31          44           0
         400           1   0.0000000000000000             1200          61           0          54
         400           1   0.0000000000000000             1200          63           0         104
         400           1   0.0000000000000000             1200          70           0          42
         400           1   0.0000000000000000             1200          71          20           0
         400           1   0.0000000000000000             1200          72           1           0
         400           1   0.0000000000000000             1210          27         106           0
         400           1   0.0000000000000000             1210          31          62           0
         400           1   0.0000000000000000             1210          61           0          48
         400           1   0.0000000000000000             1210          63           0         113
         400           1   0.0000000000000000             1210          70           0          30
         400           1   0.0000000000000000             1210          71          32           0
         400           1   0.0000000000000000             1210          73           0           9
         400           1   0.0000000000000000             1220          27          99           0
         400           1   0.0000000000000000             1220          31          49           0
         400           1   0.0000000000000000             1220          61           0           8
         400           1   0.0000000000000000             1220          63           0         139
         400           1   0.0000000000000000             1220          70           0          39
         400           1   0.0000000000000000             1220          71          26           0
         400           1   0.0000000000000000             1220          73           0           8
         400           1   0.0000000000000000             1220          74          26           0
         400           1   0.0000000000000000             1220          75           0           4
         400           1   0.0000000000000000             1220          76           0           2
         400           1   0.0000000000000000             1230          27          74           0
         400           1   0.0000000000000000             1230          31          56           0
         400           1   0.0000000000000000             1230          61           0          21
         400           1   0.0000000000000000             1230          63           0          98
         400           1   0.0000000000000000             1230          70           0          40
         400           1   0.0000000000000000             1230          71          18           0
         400           1   0.0000000000000000             1230          73           0          21
         400           1   0.0000000000000000             1230          74          52           0
         400           1   0.0000000000000000             1230          75           0          20
         400           1   0.0000000000000000             1240          27          36           0
         400           1   0.0000000000000000             1240          31          99           0
         400           1   0.0000000000000000             1240          61           0          38
         400           1   0.0000000000000000             1240          63           0          73
         400           1   0.0000000000000000             1240          70           0          65
         400           1   0.0000000000000000             1240          71           6           0
         400           1   0.0000000000000000             1240          73           0          16
         400           1   0.0000000000000000             1240          74          42           0
         400           1   0.0000000000000000             1240          75           0           8
         400           1   0.0000000000000000             1240          77          15           0
         400           1   0.0000000000000000             1240          78           2           0
         400           1   0.0000000000000000             1250          27          36           0
         400           1   0.0000000000000000             1250          31          83           0
         400           1   0.0000000000000000             1250          61           0          36
         400           1   0.0000000000000000             1250          63           0          77
         400           1   0.0000000000000000             1250          70           0          39
         400           1   0.0000000000000000             1250          73           0          40
         400           1   0.0000000000000000             1250          74          44           0
         400           1   0.0000000000000000             1250          75           0           8
         400           1   0.0000000000000000             1250          77          37           0
         400           1   0.0000000000000000             1260          27          15           0
         400           1   0.0000000000000000             1260          31          87           0
         400           1   0.0000000000000000             1260          61           0          35
         400           1   0.0000000000000000             1260          63           0          47
         400           1   0.0000000000000000             1260          70           0          56
         400           1   0.0000000000000000             1260          73           0          53
         400           1   0.0000000000000000             1260          74          55           0
         400           1   0.0000000000000000             1260          75           0           9
         400           1   0.0000000000000000             1260          77          28           0
         400           1   0.0000000000000000             1260          79          15           0
         400           1  0.40000000000000002             1270          31          56          57
         400           1  0.40000000000000002             1270          61          13          16
         400           1  0.40000000000000002             1270          63           0           3
         400           1  0.40000000000000002             1270          70          36          19
         400           1  0.40000000000000002             1270          73          19          25
         400           1  0.40000000000000002             1270          74          53          47
         400           1  0.40000000000000002             1270          75           4           2
         400           1  0.40000000000000002             1270          77           4          16
         400           1  0.40000000000000002             1270          79          15          15
         400           1   0.0000000000000000             1280          31          46          33
         400           1   0.0000000000000000             1280          61          31          29
         400           1   0.0000000000000000             1280          70          24          32
         400           1   0.0000000000000000             1280          73           0          46
         400           1   0.0000000000000000             1280          74          38          42
         400           1   0.0000000000000000             1280          77          36           7
         400           1   0.0000000000000000             1280          79          25          10
         400           1   0.0000000000000000             1280          80           0           1
         400           1   0.0000000000000000             1290          31          66           0
         400           1   0.0000000000000000             1290          61          39          38
         400           1   0.0000000000000000             1290          70           0          28
         400           1   0.0000000000000000             1290          73           0          41
         400           1   0.0000000000000000             1290          74           0          26
         400           1   0.0000000000000000             1290          77          21           0
         400           1   0.0000000000000000             1290          79           0          38
         400           1   0.0000000000000000             1290          81           0          25
         400           1   0.0000000000000000             1290          82           0           4
         400           1   0.0000000000000000             1290          83          21           0
         400           1   0.0000000000000000             1290          84          19           0
         400           1   0.0000000000000000             1290          85          34           0
         400           1   0.0000000000000000             1300          31          96           0
         400           1   0.0000000000000000             1300          61           0          60
         400           1   0.0000000000000000             1300          70           0          27
         400           1   0.0000000000000000             1300          73           0          21
         400           1   0.0000000000000000             1300          74           0          10
         400           1   0.0000000000000000             1300          77           7           0
         400           1   0.0000000000000000             1300          79           0          53
         400           1   0.0000000000000000             1300          81           0          29
         400           1   0.0000000000000000             1300          83          37           0
         400           1   0.0000000000000000             1300          84          14           0
         400           1   0.0000000000000000             1300          85          15           0
         400           1   0.0000000000000000             1300          86          31           0
         400           1  0.40000000000000002             1310          31          38          40
         400           1  0.40000000000000002             1310          61          44          32
         400           1  0.40000000000000002             1310          70          21          32
         400           1  0.40000000000000002             1310          73           7           2
         400           1  0.40000000000000002             1310          74           0           2
         400           1  0.40000000000000002             1310          77           3           3
         400           1  0.40000000000000002             1310          79          45          51
         400           1  0.40000000000000002             1310          81          10           9
         400           1  0.40000000000000002             1310          83           2           0
         400           1  0.40000000000000002             1310          84           8          11
         400           1  0.40000000000000002             1310          86           4           3
         400           1  0.40000000000000002             1310          87          18          15
         400           1  0.40000000000000002             1320          31          37          51
         400           1  0.40000000000000002             1320          61          64          75
         400           1  0.40000000000000002             1320          70           6          13
         400           1  0.40000000000000002             1320          79          67          37
         400           1  0.40000000000000002             1320          81          12          11
         400           1  0.40000000000000002             1320          84           4           1
         400           1  0.40000000000000002             1320          87          10          12
         400           1  0.40000000000000002             1330          31          58          49
         400           1  0.40000000000000002             1330          61          58          56
         400           1  0.40000000000000002             1330          70           0           5
         400           1  0.40000000000000002             1330          79          73          85
         400           1  0.40000000000000002             1330          81          11           5
         400           1  0.40000000000000002             1340          31          54          41
         400           1  0.40000000000000002             1340          61          34          36
         400           1  0.40000000000000002             1340          79          94         114
         400           1  0.40000000000000002             1340          81           6           7
         400           1  0.40000000000000002             1340          88          12           2
         400           1  0.40000000000000002             1350          31          45          55
         400           1  0.40000000000000002             1350          61          31          17
         400           1  0.40000000000000002             1350          79         119         123
         400           1  0.40000000000000002             1350          81           5           5
         400           1  0.40000000000000002             1360          31          36          32
         400           1  0.40000000000000002             1360          61           6          18
         400           1  0.40000000000000002             1360          79         141         129
         400           1  0.40000000000000002             1360          81           6          13
         400           1  0.40000000000000002             1360          89          11           8
